{
 "cells": [
  {
   "cell_type": "code",
   "execution_count": 1,
   "id": "a98d2885-60ee-46aa-9294-ae4ed516f544",
   "metadata": {},
   "outputs": [],
   "source": [
    "import numpy as np"
   ]
  },
  {
   "cell_type": "code",
   "execution_count": 2,
   "id": "c6812b5a-5ace-4b6b-95a6-9abe791feaa4",
   "metadata": {},
   "outputs": [
    {
     "data": {
      "text/plain": [
       "array([[3, 9, 7, 6],\n",
       "       [7, 6, 5, 2],\n",
       "       [9, 2, 8, 1],\n",
       "       [2, 2, 2, 6]], dtype=int32)"
      ]
     },
     "metadata": {},
     "output_type": "display_data"
    },
    {
     "name": "stdout",
     "output_type": "stream",
     "text": [
      "-------------------------------\n"
     ]
    },
    {
     "data": {
      "text/plain": [
       "array([19.98597294, -4.70915126,  4.7450591 ,  2.97811922])"
      ]
     },
     "metadata": {},
     "output_type": "display_data"
    },
    {
     "data": {
      "text/plain": [
       "array([[ 5.94422721e-01,  8.03634695e-01, -1.12311410e-01,\n",
       "        -2.68581105e-01],\n",
       "       [ 5.30212217e-01, -2.80221979e-01,  2.01787107e-01,\n",
       "        -6.38263316e-01],\n",
       "       [ 5.54848217e-01, -5.25020789e-01,  4.51365117e-01,\n",
       "         7.09527943e-01],\n",
       "       [ 2.40166796e-01,  3.00317384e-04, -8.61938305e-01,\n",
       "         1.30591835e-01]])"
      ]
     },
     "metadata": {},
     "output_type": "display_data"
    },
    {
     "name": "stdout",
     "output_type": "stream",
     "text": [
      "-------------------------------\n",
      "[0.59442272 0.53021222 0.55484822 0.2401668 ] 19.985972941521204\n",
      "-------------------------------\n"
     ]
    },
    {
     "data": {
      "text/plain": [
       "array([11.88011641, 10.59680703, 11.08918145,  4.79996709])"
      ]
     },
     "metadata": {},
     "output_type": "display_data"
    },
    {
     "data": {
      "text/plain": [
       "array([11.88011641, 10.59680703, 11.08918145,  4.79996709])"
      ]
     },
     "metadata": {},
     "output_type": "display_data"
    }
   ],
   "source": [
    "A = np.random.randint(1,10,size=(4,4))\n",
    "display(A)\n",
    "print('-------------------------------')\n",
    "if np.linalg.matrix_rank(A) == 4: #必须是满秩矩阵 方程才有唯一解\n",
    "    #实对称矩阵特征值为实数，非对称矩阵和复数特征值可能为复数\n",
    "    w,v = np.linalg.eig(A) # w 特征值 v特征向量\n",
    "    display(w,v)\n",
    "    print('-------------------------------')\n",
    "    print(v[:,0],w[0])\n",
    "    print('-------------------------------')\n",
    "    display(A.dot(v[:,0])) # Av\n",
    "    display(w[0] * v[:,0]) #lambda v  Av = lambda v"
   ]
  },
  {
   "cell_type": "code",
   "execution_count": 3,
   "id": "2cdb1d9b-62e8-40b2-a4f2-d86106224026",
   "metadata": {},
   "outputs": [
    {
     "data": {
      "text/plain": [
       "EigResult(eigenvalues=array([16.10241769,  0.19192041, -1.2943381 ]), eigenvectors=array([[ 0.23165721,  0.95684242, -0.17546374],\n",
       "       [ 0.59582744, -0.28213926, -0.75192227],\n",
       "       [ 0.76897633, -0.0696421 ,  0.63547256]]))"
      ]
     },
     "execution_count": 3,
     "metadata": {},
     "output_type": "execute_result"
    }
   ],
   "source": [
    "#实对称矩阵\n",
    "B = np.array([[1,2,3],\n",
    "             [2,5,8],\n",
    "             [3,8,9]])\n",
    "np.linalg.eig(B)"
   ]
  },
  {
   "cell_type": "code",
   "execution_count": 4,
   "id": "a18f47fe-c503-4a60-b17f-3dde9c3eb8f6",
   "metadata": {},
   "outputs": [
    {
     "name": "stdout",
     "output_type": "stream",
     "text": [
      "矩阵X的秩为: 2\n"
     ]
    },
    {
     "ename": "LinAlgError",
     "evalue": "Singular matrix",
     "output_type": "error",
     "traceback": [
      "\u001b[31m---------------------------------------------------------------------------\u001b[39m",
      "\u001b[31mLinAlgError\u001b[39m                               Traceback (most recent call last)",
      "\u001b[36mCell\u001b[39m\u001b[36m \u001b[39m\u001b[32mIn[4]\u001b[39m\u001b[32m, line 8\u001b[39m\n\u001b[32m      5\u001b[39m y = np.array([\u001b[32m1\u001b[39m,\u001b[32m2\u001b[39m,\u001b[32m3\u001b[39m])\n\u001b[32m      6\u001b[39m \u001b[38;5;28mprint\u001b[39m(\u001b[33m\"\u001b[39m\u001b[33m矩阵X的秩为:\u001b[39m\u001b[33m\"\u001b[39m,np.linalg.matrix_rank(X))\n\u001b[32m----> \u001b[39m\u001b[32m8\u001b[39m \u001b[43mnp\u001b[49m\u001b[43m.\u001b[49m\u001b[43mlinalg\u001b[49m\u001b[43m.\u001b[49m\u001b[43msolve\u001b[49m\u001b[43m(\u001b[49m\u001b[43mX\u001b[49m\u001b[43m,\u001b[49m\u001b[43my\u001b[49m\u001b[43m)\u001b[49m\n",
      "\u001b[36mFile \u001b[39m\u001b[32mD:\\AI\\pytroch_learning\\Lib\\site-packages\\numpy\\linalg\\_linalg.py:471\u001b[39m, in \u001b[36msolve\u001b[39m\u001b[34m(a, b)\u001b[39m\n\u001b[32m    468\u001b[39m signature = \u001b[33m'\u001b[39m\u001b[33mDD->D\u001b[39m\u001b[33m'\u001b[39m \u001b[38;5;28;01mif\u001b[39;00m isComplexType(t) \u001b[38;5;28;01melse\u001b[39;00m \u001b[33m'\u001b[39m\u001b[33mdd->d\u001b[39m\u001b[33m'\u001b[39m\n\u001b[32m    469\u001b[39m \u001b[38;5;28;01mwith\u001b[39;00m errstate(call=_raise_linalgerror_singular, invalid=\u001b[33m'\u001b[39m\u001b[33mcall\u001b[39m\u001b[33m'\u001b[39m,\n\u001b[32m    470\u001b[39m               over=\u001b[33m'\u001b[39m\u001b[33mignore\u001b[39m\u001b[33m'\u001b[39m, divide=\u001b[33m'\u001b[39m\u001b[33mignore\u001b[39m\u001b[33m'\u001b[39m, under=\u001b[33m'\u001b[39m\u001b[33mignore\u001b[39m\u001b[33m'\u001b[39m):\n\u001b[32m--> \u001b[39m\u001b[32m471\u001b[39m     r = \u001b[43mgufunc\u001b[49m\u001b[43m(\u001b[49m\u001b[43ma\u001b[49m\u001b[43m,\u001b[49m\u001b[43m \u001b[49m\u001b[43mb\u001b[49m\u001b[43m,\u001b[49m\u001b[43m \u001b[49m\u001b[43msignature\u001b[49m\u001b[43m=\u001b[49m\u001b[43msignature\u001b[49m\u001b[43m)\u001b[49m\n\u001b[32m    473\u001b[39m \u001b[38;5;28;01mreturn\u001b[39;00m wrap(r.astype(result_t, copy=\u001b[38;5;28;01mFalse\u001b[39;00m))\n",
      "\u001b[36mFile \u001b[39m\u001b[32mD:\\AI\\pytroch_learning\\Lib\\site-packages\\numpy\\linalg\\_linalg.py:163\u001b[39m, in \u001b[36m_raise_linalgerror_singular\u001b[39m\u001b[34m(err, flag)\u001b[39m\n\u001b[32m    162\u001b[39m \u001b[38;5;28;01mdef\u001b[39;00m\u001b[38;5;250m \u001b[39m\u001b[34m_raise_linalgerror_singular\u001b[39m(err, flag):\n\u001b[32m--> \u001b[39m\u001b[32m163\u001b[39m     \u001b[38;5;28;01mraise\u001b[39;00m LinAlgError(\u001b[33m\"\u001b[39m\u001b[33mSingular matrix\u001b[39m\u001b[33m\"\u001b[39m)\n",
      "\u001b[31mLinAlgError\u001b[39m: Singular matrix"
     ]
    }
   ],
   "source": [
    "#非满秩矩阵 奇异矩阵\n",
    "X = np.array([[1,2,3],\n",
    "             [4,5,6],\n",
    "             [7,8,9]])\n",
    "y = np.array([1,2,3])\n",
    "print(\"矩阵X的秩为:\",np.linalg.matrix_rank(X))\n",
    "\n",
    "np.linalg.solve(X,y)"
   ]
  },
  {
   "cell_type": "code",
   "execution_count": 5,
   "id": "e02743ff-268d-4131-9114-4f4281624482",
   "metadata": {},
   "outputs": [
    {
     "name": "stdout",
     "output_type": "stream",
     "text": [
      "矩阵X的秩为: 3\n"
     ]
    },
    {
     "data": {
      "text/plain": [
       "array([-0.67,  1.67,  2.33])"
      ]
     },
     "execution_count": 5,
     "metadata": {},
     "output_type": "execute_result"
    }
   ],
   "source": [
    "#满秩矩阵\n",
    "X = np.array([[0,2,-1],\n",
    "             [1,-1,1],\n",
    "             [2,1,-1]])\n",
    "y = np.array([1,0,-2])\n",
    "print(\"矩阵X的秩为:\",np.linalg.matrix_rank(X)) #矩阵的秩\n",
    "\n",
    "np.linalg.solve(X,y).round(2)"
   ]
  },
  {
   "cell_type": "code",
   "execution_count": 6,
   "id": "fe8baa33-f07f-47ba-af38-56e9c82507d6",
   "metadata": {},
   "outputs": [
    {
     "name": "stdout",
     "output_type": "stream",
     "text": [
      "矩阵的行列式： 27.0\n",
      "矩阵的特征值累乘： 27.0\n"
     ]
    }
   ],
   "source": [
    "X = np.array([[2,3,7],\n",
    "              [1,5,8],\n",
    "              [0,4,9]])\n",
    "w,v = np.linalg.eig(X)\n",
    "print('矩阵的行列式：',np.linalg.det(X))\n",
    "print('矩阵的特征值累乘：',np.round(np.real(np.prod(w))))"
   ]
  },
  {
   "cell_type": "code",
   "execution_count": 7,
   "id": "24daf4c2-202d-46b2-97a5-db25e71fe163",
   "metadata": {},
   "outputs": [
    {
     "data": {
      "text/plain": [
       "array([[4, 3, 3, 7],\n",
       "       [8, 6, 6, 3],\n",
       "       [8, 5, 1, 6],\n",
       "       [5, 4, 7, 5]], dtype=int32)"
      ]
     },
     "metadata": {},
     "output_type": "display_data"
    },
    {
     "name": "stdout",
     "output_type": "stream",
     "text": [
      "矩阵的特征值和特征向量：\n"
     ]
    },
    {
     "data": {
      "text/plain": [
       "array([20.02195768+0.j        , -2.37686831+0.59719995j,\n",
       "       -2.37686831-0.59719995j,  0.73177894+0.j        ])"
      ]
     },
     "metadata": {},
     "output_type": "display_data"
    },
    {
     "data": {
      "text/plain": [
       "array([[-0.42268993+0.j        ,  0.53439993+0.02243954j,\n",
       "         0.53439993-0.02243954j,  0.45514055+0.j        ],\n",
       "       [-0.56095667+0.j        , -0.6424793 +0.j        ,\n",
       "        -0.6424793 -0.j        , -0.87639309+0.j        ],\n",
       "       [-0.48851479+0.j        ,  0.3705648 -0.13547222j,\n",
       "         0.3705648 +0.13547222j,  0.10322179+0.j        ],\n",
       "       [-0.51770082+0.j        , -0.37220791+0.08320947j,\n",
       "        -0.37220791-0.08320947j,  0.11885914+0.j        ]])"
      ]
     },
     "metadata": {},
     "output_type": "display_data"
    },
    {
     "name": "stdout",
     "output_type": "stream",
     "text": [
      "矩阵的特征值和特征向量运算反推矩阵A：\n"
     ]
    },
    {
     "data": {
      "text/plain": [
       "array([[4.+5.39727602e-15j, 3.+2.88670615e-15j, 3.-6.41508356e-15j,\n",
       "        7.-1.27190081e-15j],\n",
       "       [8.+9.96311785e-15j, 6.+4.81174034e-15j, 6.-9.77307872e-15j,\n",
       "        3.-2.73034074e-15j],\n",
       "       [8.+6.29455189e-15j, 5.+3.55113710e-15j, 1.-6.66308435e-15j,\n",
       "        6.-1.70342843e-15j],\n",
       "       [5.+9.43118667e-15j, 4.+4.49631436e-15j, 7.-8.99858167e-15j,\n",
       "        5.-2.31539140e-15j]])"
      ]
     },
     "metadata": {},
     "output_type": "display_data"
    },
    {
     "data": {
      "text/plain": [
       "array([[20.02195768+0.j        ,  0.        +0.j        ,\n",
       "         0.        +0.j        ,  0.        +0.j        ],\n",
       "       [ 0.        +0.j        , -2.37686831+0.59719995j,\n",
       "         0.        +0.j        ,  0.        +0.j        ],\n",
       "       [ 0.        +0.j        ,  0.        +0.j        ,\n",
       "        -2.37686831-0.59719995j,  0.        +0.j        ],\n",
       "       [ 0.        +0.j        ,  0.        +0.j        ,\n",
       "         0.        +0.j        ,  0.73177894+0.j        ]])"
      ]
     },
     "metadata": {},
     "output_type": "display_data"
    }
   ],
   "source": [
    "A = np.random.randint(1,10,size=(4,4)) #随即生成二维矩阵\n",
    "display(A)\n",
    "w,v = np.linalg.eig(A) #eig特征值和特征向量\n",
    "print('矩阵的特征值和特征向量：')\n",
    "display(w,v)\n",
    "#根据特征值分解公式可得\n",
    "print('矩阵的特征值和特征向量运算反推矩阵A：')\n",
    "display(v.dot(np.diag(w)).dot(np.linalg.inv(v))) #diag将一维矩阵变为二维对角矩阵、dot向量相乘、inv矩阵求逆\n",
    "display(np.diag(w)) \n"
   ]
  },
  {
   "cell_type": "code",
   "execution_count": 8,
   "id": "a7bbfb87-1fc5-4519-bd51-2972c51c9722",
   "metadata": {},
   "outputs": [
    {
     "name": "stdout",
     "output_type": "stream",
     "text": [
      "矩阵B的特征值和特征向量\n"
     ]
    },
    {
     "data": {
      "text/plain": [
       "array([16.10241769,  0.19192041, -1.2943381 ])"
      ]
     },
     "metadata": {},
     "output_type": "display_data"
    },
    {
     "data": {
      "text/plain": [
       "array([[ 0.23165721,  0.95684242, -0.17546374],\n",
       "       [ 0.59582744, -0.28213926, -0.75192227],\n",
       "       [ 0.76897633, -0.0696421 ,  0.63547256]])"
      ]
     },
     "metadata": {},
     "output_type": "display_data"
    },
    {
     "name": "stdout",
     "output_type": "stream",
     "text": [
      "特征值和特征向量运算反推矩阵B：\n"
     ]
    },
    {
     "data": {
      "text/plain": [
       "array([[1., 2., 3.],\n",
       "       [2., 5., 8.],\n",
       "       [3., 8., 9.]])"
      ]
     },
     "metadata": {},
     "output_type": "display_data"
    },
    {
     "data": {
      "text/plain": [
       "array([[1., 2., 3.],\n",
       "       [2., 5., 8.],\n",
       "       [3., 8., 9.]])"
      ]
     },
     "metadata": {},
     "output_type": "display_data"
    },
    {
     "name": "stdout",
     "output_type": "stream",
     "text": [
      "Q是正交矩阵:\n"
     ]
    },
    {
     "data": {
      "text/plain": [
       "array([[ 0.23165721,  0.59582744,  0.76897633],\n",
       "       [ 0.95684242, -0.28213926, -0.0696421 ],\n",
       "       [-0.17546374, -0.75192227,  0.63547256]])"
      ]
     },
     "metadata": {},
     "output_type": "display_data"
    },
    {
     "data": {
      "text/plain": [
       "array([[ 0.23165721,  0.59582744,  0.76897633],\n",
       "       [ 0.95684242, -0.28213926, -0.0696421 ],\n",
       "       [-0.17546374, -0.75192227,  0.63547256]])"
      ]
     },
     "metadata": {},
     "output_type": "display_data"
    }
   ],
   "source": [
    "#实对称矩阵\n",
    "B = np.array([[1,2,3],\n",
    "             [2,5,8],\n",
    "             [3,8,9]])\n",
    "#W（Σ）表示特征值，v(Q)表示特征向量\n",
    "w,v = np.linalg.eig(B)\n",
    "print('矩阵B的特征值和特征向量')\n",
    "display(w,v)\n",
    "print('特征值和特征向量运算反推矩阵B：')\n",
    "display(v.dot(np.diag(w)).dot(np.linalg.inv(v)))\n",
    "display(v.dot(np.diag(w)).dot(v.T))\n",
    "print('Q是正交矩阵:') #正交矩阵的逆矩阵等于矩阵转置\n",
    "display(np.linalg.inv(v),v.T)"
   ]
  },
  {
   "cell_type": "code",
   "execution_count": 9,
   "id": "75a19fe3-7831-46eb-84d0-bc0a8e9466f2",
   "metadata": {},
   "outputs": [
    {
     "data": {
      "text/plain": [
       "array([[ 1., -0.,  0.],\n",
       "       [-0.,  1., -0.],\n",
       "       [ 0., -0.,  1.]])"
      ]
     },
     "execution_count": 9,
     "metadata": {},
     "output_type": "execute_result"
    }
   ],
   "source": [
    "#正交矩阵的逆矩阵等于矩阵转置\n",
    "v.dot(v.T).round(1)"
   ]
  },
  {
   "cell_type": "code",
   "execution_count": 10,
   "id": "b9e4da74-a49c-4a3f-b02c-aec2cfb2b818",
   "metadata": {},
   "outputs": [
    {
     "data": {
      "text/plain": [
       "EigResult(eigenvalues=array([18.1700118 , -3.29446588,  0.95279771,  6.17165637,  2.        ]), eigenvectors=array([[ 3.87610046e-02,  1.19814986e-01,  3.22084834e-01,\n",
       "         6.39240369e-04,  2.19035571e-01],\n",
       "       [ 4.66151093e-01,  3.26860749e-01, -5.50233219e-01,\n",
       "         1.87587652e-01, -7.21923360e-01],\n",
       "       [ 7.23984245e-01,  2.53003841e-01,  6.70148172e-02,\n",
       "        -9.46393990e-01,  2.54796480e-01],\n",
       "       [ 1.99375814e-01, -8.41402119e-01,  5.35030077e-01,\n",
       "        -1.84281720e-01,  5.23003301e-01],\n",
       "       [ 4.66151093e-01,  3.26860749e-01, -5.50233219e-01,\n",
       "         1.87587652e-01, -3.03967731e-01]]))"
      ]
     },
     "execution_count": 10,
     "metadata": {},
     "output_type": "execute_result"
    }
   ],
   "source": [
    "#奇异值分解\n",
    "A = np.random.randint(0,10,size=(5,5))\n",
    "np.linalg.eig(A)"
   ]
  },
  {
   "cell_type": "code",
   "execution_count": 11,
   "id": "03a7f742-0c99-4be3-bfb9-c4e0dd0e58e7",
   "metadata": {},
   "outputs": [
    {
     "ename": "LinAlgError",
     "evalue": "Last 2 dimensions of the array must be square",
     "output_type": "error",
     "traceback": [
      "\u001b[31m---------------------------------------------------------------------------\u001b[39m",
      "\u001b[31mLinAlgError\u001b[39m                               Traceback (most recent call last)",
      "\u001b[36mCell\u001b[39m\u001b[36m \u001b[39m\u001b[32mIn[11]\u001b[39m\u001b[32m, line 3\u001b[39m\n\u001b[32m      1\u001b[39m \u001b[38;5;66;03m#奇异值分解 非方阵\u001b[39;00m\n\u001b[32m      2\u001b[39m A = np.random.randint(\u001b[32m0\u001b[39m,\u001b[32m10\u001b[39m,size=(\u001b[32m5\u001b[39m,\u001b[32m4\u001b[39m))\n\u001b[32m----> \u001b[39m\u001b[32m3\u001b[39m \u001b[43mnp\u001b[49m\u001b[43m.\u001b[49m\u001b[43mlinalg\u001b[49m\u001b[43m.\u001b[49m\u001b[43meig\u001b[49m\u001b[43m(\u001b[49m\u001b[43mA\u001b[49m\u001b[43m)\u001b[49m\n",
      "\u001b[36mFile \u001b[39m\u001b[32mD:\\AI\\pytroch_learning\\Lib\\site-packages\\numpy\\linalg\\_linalg.py:1515\u001b[39m, in \u001b[36meig\u001b[39m\u001b[34m(a)\u001b[39m\n\u001b[32m   1385\u001b[39m \u001b[38;5;250m\u001b[39m\u001b[33;03m\"\"\"\u001b[39;00m\n\u001b[32m   1386\u001b[39m \u001b[33;03mCompute the eigenvalues and right eigenvectors of a square array.\u001b[39;00m\n\u001b[32m   1387\u001b[39m \n\u001b[32m   (...)\u001b[39m\u001b[32m   1512\u001b[39m \n\u001b[32m   1513\u001b[39m \u001b[33;03m\"\"\"\u001b[39;00m\n\u001b[32m   1514\u001b[39m a, wrap = _makearray(a)\n\u001b[32m-> \u001b[39m\u001b[32m1515\u001b[39m \u001b[43m_assert_stacked_square\u001b[49m\u001b[43m(\u001b[49m\u001b[43ma\u001b[49m\u001b[43m)\u001b[49m\n\u001b[32m   1516\u001b[39m _assert_finite(a)\n\u001b[32m   1517\u001b[39m t, result_t = _commonType(a)\n",
      "\u001b[36mFile \u001b[39m\u001b[32mD:\\AI\\pytroch_learning\\Lib\\site-packages\\numpy\\linalg\\_linalg.py:264\u001b[39m, in \u001b[36m_assert_stacked_square\u001b[39m\u001b[34m(*arrays)\u001b[39m\n\u001b[32m    261\u001b[39m     \u001b[38;5;28;01mraise\u001b[39;00m LinAlgError(\u001b[33m'\u001b[39m\u001b[38;5;132;01m%d\u001b[39;00m\u001b[33m-dimensional array given. Array must be \u001b[39m\u001b[33m'\u001b[39m\n\u001b[32m    262\u001b[39m             \u001b[33m'\u001b[39m\u001b[33mat least two-dimensional\u001b[39m\u001b[33m'\u001b[39m % a.ndim)\n\u001b[32m    263\u001b[39m \u001b[38;5;28;01mif\u001b[39;00m m != n:\n\u001b[32m--> \u001b[39m\u001b[32m264\u001b[39m     \u001b[38;5;28;01mraise\u001b[39;00m LinAlgError(\u001b[33m'\u001b[39m\u001b[33mLast 2 dimensions of the array must be square\u001b[39m\u001b[33m'\u001b[39m)\n",
      "\u001b[31mLinAlgError\u001b[39m: Last 2 dimensions of the array must be square"
     ]
    }
   ],
   "source": [
    "#奇异值分解 非方阵\n",
    "A = np.random.randint(0,10,size=(5,4))\n",
    "np.linalg.eig(A)"
   ]
  },
  {
   "cell_type": "code",
   "execution_count": 12,
   "id": "b9ac18bd-2df0-4c58-81a5-e46570ce21b3",
   "metadata": {},
   "outputs": [
    {
     "data": {
      "text/plain": [
       "array([[0, 0, 9, 1],\n",
       "       [0, 6, 7, 1],\n",
       "       [7, 3, 1, 0],\n",
       "       [4, 8, 3, 6],\n",
       "       [1, 8, 2, 3]], dtype=int32)"
      ]
     },
     "metadata": {},
     "output_type": "display_data"
    },
    {
     "data": {
      "text/plain": [
       "array([[-0.29806563, -0.76615416,  0.29690841, -0.32412836,  0.36187137],\n",
       "       [-0.48806586, -0.36264138, -0.15564177,  0.56204518, -0.53866855],\n",
       "       [-0.27073663,  0.34439476,  0.84388699,  0.29885657,  0.08144589],\n",
       "       [-0.61277539,  0.33170135, -0.07485615, -0.64027336, -0.31452681],\n",
       "       [-0.47345179,  0.22992499, -0.41215573,  0.28245495,  0.68798601]])"
      ]
     },
     "metadata": {},
     "output_type": "display_data"
    },
    {
     "data": {
      "text/plain": [
       "array([17.20961032,  9.36258695,  6.04645994,  3.10025812])"
      ]
     },
     "metadata": {},
     "output_type": "display_data"
    },
    {
     "data": {
      "text/plain": [
       "array([[-0.2800592 , -0.72229541, -0.53197126, -0.34185197],\n",
       "       [ 0.42376041,  0.35784412, -0.81542937,  0.16567937],\n",
       "       [ 0.85928438, -0.38010418,  0.22785074, -0.25541184],\n",
       "       [-0.06020226,  0.45360528, -0.01286752, -0.88907388]])"
      ]
     },
     "metadata": {},
     "output_type": "display_data"
    }
   ],
   "source": [
    "#求解奇异值分解 SVD\n",
    "A = np.random.randint(0,10,size=(5,4))\n",
    "display(A)\n",
    "u,s,v = np.linalg.svd(A) #svd奇异值  输出的V是经过转置的\n",
    "display(u,s,v)"
   ]
  },
  {
   "cell_type": "code",
   "execution_count": 13,
   "id": "ec008e85-5480-48ed-852d-aa513dce9fd7",
   "metadata": {},
   "outputs": [
    {
     "data": {
      "text/plain": [
       "array([[17.20961032,  0.        ,  0.        ,  0.        ],\n",
       "       [ 0.        ,  9.36258695,  0.        ,  0.        ],\n",
       "       [ 0.        ,  0.        ,  6.04645994,  0.        ],\n",
       "       [ 0.        ,  0.        ,  0.        ,  3.10025812],\n",
       "       [ 0.        ,  0.        ,  0.        ,  0.        ]])"
      ]
     },
     "metadata": {},
     "output_type": "display_data"
    }
   ],
   "source": [
    "Σs = np.diag(np.concatenate([s,[0]]))[:,:4]\n",
    "display(Σs)"
   ]
  },
  {
   "cell_type": "code",
   "execution_count": 14,
   "id": "37d72e32-31f5-4cb9-b41d-673184730559",
   "metadata": {},
   "outputs": [
    {
     "data": {
      "text/plain": [
       "array([[-0.,  0.,  9.,  1.],\n",
       "       [ 0.,  6.,  7.,  1.],\n",
       "       [ 7.,  3.,  1., -0.],\n",
       "       [ 4.,  8.,  3.,  6.],\n",
       "       [ 1.,  8.,  2.,  3.]])"
      ]
     },
     "execution_count": 14,
     "metadata": {},
     "output_type": "execute_result"
    }
   ],
   "source": [
    " np.around(u.dot(Σs).dot(v))"
   ]
  },
  {
   "cell_type": "code",
   "execution_count": 15,
   "id": "311cce51-37a3-41f5-944c-0cbf0b7fe984",
   "metadata": {},
   "outputs": [
    {
     "data": {
      "text/plain": [
       "array([296.,  88.,  37.,   0.,  10.])"
      ]
     },
     "metadata": {},
     "output_type": "display_data"
    },
    {
     "data": {
      "text/plain": [
       "array([[-0.29806563, -0.76615416, -0.29690841,  0.36187137, -0.32412836],\n",
       "       [-0.48806586, -0.36264138,  0.15564177, -0.53866855,  0.56204518],\n",
       "       [-0.27073663,  0.34439476, -0.84388699,  0.08144589,  0.29885657],\n",
       "       [-0.61277539,  0.33170135,  0.07485615, -0.31452681, -0.64027336],\n",
       "       [-0.47345179,  0.22992499,  0.41215573,  0.68798601,  0.28245495]])"
      ]
     },
     "metadata": {},
     "output_type": "display_data"
    },
    {
     "data": {
      "text/plain": [
       "array([0, 1, 2, 4, 3])"
      ]
     },
     "metadata": {},
     "output_type": "display_data"
    },
    {
     "data": {
      "text/plain": [
       "array([296.,  88.,  37.,  10.,   0.])"
      ]
     },
     "metadata": {},
     "output_type": "display_data"
    },
    {
     "name": "stdout",
     "output_type": "stream",
     "text": [
      "奇异值为:\n",
      "左奇异矩阵如下:\n"
     ]
    },
    {
     "data": {
      "text/plain": [
       "array([[-0.29806563, -0.76615416, -0.29690841, -0.32412836,  0.36187137],\n",
       "       [-0.48806586, -0.36264138,  0.15564177,  0.56204518, -0.53866855],\n",
       "       [-0.27073663,  0.34439476, -0.84388699,  0.29885657,  0.08144589],\n",
       "       [-0.61277539,  0.33170135,  0.07485615, -0.64027336, -0.31452681],\n",
       "       [-0.47345179,  0.22992499,  0.41215573,  0.28245495,  0.68798601]])"
      ]
     },
     "metadata": {},
     "output_type": "display_data"
    },
    {
     "name": "stdout",
     "output_type": "stream",
     "text": [
      "奇异值为:\n"
     ]
    },
    {
     "data": {
      "text/plain": [
       "array([17.20961032,  9.36258695,  6.04645994,  3.10025812])"
      ]
     },
     "metadata": {},
     "output_type": "display_data"
    },
    {
     "name": "stdout",
     "output_type": "stream",
     "text": [
      "右奇异矩阵如下:\n"
     ]
    },
    {
     "data": {
      "text/plain": [
       "array([[-0.2800592 , -0.72229541, -0.53197126, -0.34185197],\n",
       "       [ 0.42376041,  0.35784412, -0.81542937,  0.16567937],\n",
       "       [ 0.85928438, -0.38010418,  0.22785074, -0.25541184],\n",
       "       [-0.06020226,  0.45360528, -0.01286752, -0.88907388]])"
      ]
     },
     "metadata": {},
     "output_type": "display_data"
    },
    {
     "name": "stdout",
     "output_type": "stream",
     "text": [
      "使用奇异值分解还原矩阵A：\n",
      "[[-0. -0.  9.  1.]\n",
      " [ 0.  6.  7.  1.]\n",
      " [ 7.  3.  1. -0.]\n",
      " [ 4.  8.  3.  6.]\n",
      " [ 1.  8.  2.  3.]]\n"
     ]
    }
   ],
   "source": [
    "#自己实现求解奇异分解\n",
    "\n",
    "#左奇异矩阵\n",
    "sigma,U = np.linalg.eig(A.dot(A.T))\n",
    "display(np.around(sigma),U)\n",
    "#降序排列后，逆序输出\n",
    "index = np.argsort(sigma)[::-1]\n",
    "display(np.around(index))\n",
    "sigma = sigma[index]\n",
    "display(np.around(sigma))\n",
    "U = U[:,index]\n",
    "print('奇异值为:')\n",
    "print('左奇异矩阵如下:')\n",
    "display(U)\n",
    "\n",
    "#计算奇异值矩阵的逆\n",
    "sigma = np.sqrt([s if s > 0 else 0 for s in sigma])\n",
    "print('奇异值为:')\n",
    "display(sigma[:4])\n",
    "\n",
    "#计算右奇异矩阵\n",
    "#奇异值矩阵特殊，斜对角线有值，其它都为零\n",
    "sigma_inv = np.diag([1/s if s>0 else 0 for s in sigma])\n",
    "V = sigma_inv.dot(U.T.dot(A))\n",
    "print('右奇异矩阵如下:')\n",
    "display(v[:4])\n",
    "\n",
    "print('使用奇异值分解还原矩阵A：')\n",
    "print(U.dot(np.diag(sigma)).dot(V).round(0))"
   ]
  },
  {
   "cell_type": "code",
   "execution_count": 16,
   "id": "556933de-5170-4520-94c2-b54193fb419e",
   "metadata": {},
   "outputs": [
    {
     "data": {
      "text/plain": [
       "array([[4, 5, 9, 9, 5]], dtype=int32)"
      ]
     },
     "metadata": {},
     "output_type": "display_data"
    },
    {
     "data": {
      "text/plain": [
       "array([[0, 1, 4, 2, 3]])"
      ]
     },
     "metadata": {},
     "output_type": "display_data"
    }
   ],
   "source": [
    "sigma = np.random.randint(0,10,size=(1,5))\n",
    "display(sigma)\n",
    "#降序排列后，逆序输出\n",
    "index = np.argsort(sigma)[::-1]\n",
    "display(index)"
   ]
  },
  {
   "cell_type": "code",
   "execution_count": 18,
   "id": "d847091c-8058-4f23-b60d-f8ba89f3f953",
   "metadata": {},
   "outputs": [
    {
     "name": "stdout",
     "output_type": "stream",
     "text": [
      "原图尺寸:4320000\n",
      "压缩尺寸:126900\n"
     ]
    },
    {
     "data": {
